1 11 2 
22 3 33 
4 44 5 
55 6 66 
-------------------------------------------

1 11 2 
22 3 33 
4 44 5 
55 6 66 
-------------------------------------------

1 11 2 
22 3 33 
44 4 5 
55 6 66 
-------------------------------------------

2 22 3 33 4 44 5 55 6 66 7 
-------------------------------------------

1 22 4 
22 4 55 
4 55 6 
55 6 66 
-------------------------------------------

1 22 4 
22 4 55 
4 55 6 
55 6 66 
-------------------------------------------

1 22 4 
22 4 55 
4 55 6 
55 6 66 
-------------------------------------------

1 22 4 
22 4 55 
4 55 6 
55 6 66 
-------------------------------------------

1 22 4 
22 4 55 
4 55 6 
55 6 6 
-------------------------------------------

1 22 4 
22 4 55 
4 55 6 
55 6 66 
-------------------------------------------

1 22 4 
22 4 55 
4 55 6 
55 6 66 
-------------------------------------------

1 22 4 
22 4 55 
4 55 6 
55 6 66 
-------------------------------------------

1 22 4 
22 4 55 
4 55 6 
55 6 66 
-------------------------------------------

1 2 
2 3 
3 4 
4 44 
-------------------------------------------

1 22 4 
22 4 55 
4 55 6 
55 6 66 
-------------------------------------------

1 3 
3 4 
-------------------------------------------

1 11 2 
22 3 33 
4 44 5 
55 6 66 
-------------------------------------------

1 11 2 
22 3 33 
4 44 5 
55 6 66 
-------------------------------------------

1 11 2 
22 3 33 
4 44 5 
55 6 66 
-------------------------------------------

1 11 2 
22 3 33 
4 44 5 
55 6 66 
-------------------------------------------

1 11 2 
22 3 33 
4 44 5 
55 6 66 
-------------------------------------------

1 11 2 
22 3 33 
4 44 5 
55 6 66 
-------------------------------------------

1 11 2 
22 3 33 
4 44 5 
55 6 66 
-------------------------------------------

1 11 2 
22 3 33 
4 44 5 
55 6 66 
-------------------------------------------

1 11 2 22 
3 33 4 44 
5 55 6 66 
-------------------------------------------

1 11 2 
22 33 3 
4 44 5 
55 6 66 
-------------------------------------------

1 11 2 
22 3 33 
4 44 5 
55 6 66 
-------------------------------------------

